Year,Destination,0-4,5-9,10-14,15-19,20-24,25-29,30-34,35-39,40-44,45-49,50-54,55-59,60-64,65-69,70-74,75+,Total
1990,WORLD,3.178981575,4.065888881,5.128878593,6.513073745,8.51511239,10.40809993,10.80020983,10.04870911,8.862297624,7.273609224,5.927999677,4.970566195,4.235007365,3.236984569,2.456359064,4.377450178,100
1990,More developed regions,1.608391619,2.991846774,4.482744022,6.106927107,8.355374967,10.23408985,10.76541703,10.37785033,9.534614367,7.963952327,6.548583802,5.532108801,4.660996778,3.524659681,2.758140034,4.553368348,100
1990,Less developed regions,4.878016922,5.22776789,5.827855095,6.952435712,8.687913398,10.59634084,10.83784804,9.692650198,8.13499773,6.526808745,5.256663178,4.363099726,3.774179847,2.92578292,2.129897958,4.187145137,100
1990,Least developed countries,9.578790019,9.938565821,9.993672294,10.94349409,11.07494336,10.40502718,8.677217883,6.992043216,5.474509567,4.214169454,3.590667245,3.061216777,2.601810199,1.441226841,0.844809949,1.167836104,100
1990,"Less developed regions, excluding least developed countries",4.052749295,4.400740304,5.096504314,6.251765587,8.268846467,10.62992787,11.21716822,10.1667687,8.602072976,6.93281565,5.549145389,4.591658269,3.980001038,3.186411555,2.355507981,4.717214967,100
1990,High-income countries,2.226409282,3.224450289,4.062731723,5.457995746,8.198753613,11.12850926,12.06135275,10.88515486,9.517695626,7.496196145,6.223133964,5.097559609,4.331168436,3.368060656,2.572815411,4.148012624,100
1990,Middle-income countries,3.488397079,4.33108075,5.754669564,7.259718752,8.637453625,9.599168942,9.558065056,9.400241783,8.472693578,7.347783076,5.85778108,5.069020895,4.354390178,3.304549227,2.52729778,5.037688634,100
1990,Upper-middle-income countries,3.472740118,4.707044576,6.638594359,8.060712879,9.405823799,10.16661382,9.801764278,9.499792776,8.423385461,7.223788405,5.450460243,4.968727646,4.275706441,2.970872154,1.922204802,3.011768246,100
1990,Lower-middle-income countries,3.50373579,3.962758903,4.888711748,6.475005926,7.884701624,9.04325816,9.319319353,9.302714299,8.52099944,7.469257386,6.256822565,5.167275548,4.431474559,3.631443858,3.120091416,7.022429423,100
1990,Low-income countries,9.318692915,9.455240418,9.629096366,10.01728242,10.42835536,10.36987185,9.302911278,7.623890537,6.036159411,4.674952221,3.835453575,3.090785447,2.475629917,1.567165754,0.886843555,1.287668984,100
1990,Sub-Saharan Africa,8.41801473,8.473428939,8.097059045,9.19262583,10.76734735,11.46579619,10.17767406,8.436193483,6.651473809,5.082342776,4.058445205,3.161101705,2.614641694,1.458018573,0.838649887,1.104320475,100
1990,AFRICA,8.286317975,8.30986994,7.948075527,9.058037356,10.72337867,11.49088285,10.27915238,8.569895709,6.770187416,5.169849523,4.101218373,3.185530059,2.62818187,1.482324432,0.86732828,1.127088335,100
1990,Eastern Africa,8.80756606,8.299261296,8.518296985,9.745736912,10.64307667,10.88786786,9.890013282,8.088789065,6.313808756,4.873356866,4.011573368,3.235001167,2.699540797,1.706212154,0.915638862,1.364259901,100
1990,Burundi,6.731917656,6.91566575,6.047149761,5.718240673,7.482222372,10.85706236,13.46199783,11.52529293,8.614723122,6.087574341,4.963648502,3.738048718,3.139642426,2.359325522,0.943852708,1.413635334,100
1990,Comoros,3.677236862,5.240434718,6.639868989,7.682000893,8.59014441,11.28479976,12.22271848,11.56766414,9.379187137,7.50334971,5.969927051,4.049426827,2.754205747,1.726961441,0.699717136,1.012356707,100
1990,Djibouti,5.493290993,6.881790729,10.01992466,13.27169142,14.13249899,13.89433704,10.5336073,7.345661717,4.398991314,3.597335077,3.177049282,2.75365026,2.159023692,1.041374802,0.519909094,0.779863641,100
1990,Eritrea,6.181759794,5.378933847,7.01669878,9.826589595,12.86127168,14.19396275,12.63648041,10.0032113,6.807964033,4.447655748,3.131021195,2.809890816,2.231856134,1.252408478,0.497752087,0.722543353,100
1990,Ethiopia,6.796161269,7.275837993,8.964998255,11.75545544,12.81328011,12.28864913,10.06596584,7.712042471,5.730926552,4.293707722,3.353785049,2.754724314,2.427365121,1.883632699,0.753518947,1.129949085,100
1990,Kenya,5.863775396,7.07358317,9.169920175,14.0843757,11.11829508,10.88516151,9.0263099,7.407430433,5.705866262,4.874045707,3.942133141,3.163156193,2.558252306,2.000596822,1.443563027,1.683535175,100
1990,Madagascar,3.491159724,3.745879533,3.551093797,4.96703626,7.109679353,6.667665568,5.85106383,5.746179203,6.944860653,8.990110878,9.926580761,9.409649386,7.439316752,5.259214864,5.304165418,5.596344022,100
1990,Malawi,14.04395082,11.9384469,10.89822879,11.86818415,10.6557857,9.488216351,7.598441045,5.932811242,4.572202298,3.121569201,2.75250677,2.356546878,1.94338725,0.727146308,0.523128156,1.579448145,100
1990,Mauritius,8.621667612,10.38003403,8.508224617,5.33182076,8.791832104,8.054452638,9.018718094,8.167895632,7.146908678,5.55870675,3.970504821,3.630175837,3.800340329,3.573454339,2.2121384,3.233125355,100
1990,Mayotte,5.182232346,5.011389522,6.571753986,9.555808656,12.92710706,14.25968109,12.93849658,10.54669704,7.243735763,3.302961276,3.815489749,3.519362187,3.075170843,1.047835991,0.387243736,0.615034169,100
1990,Mozambique,13.5195277,9.97729337,7.175295186,13.36360884,22.80653951,8.319709355,5.024220406,4.665455646,3.549803209,3.331819558,2.602179837,2.013321223,1.369966697,1.02028459,0.549500454,0.711474417,100
1990,Réunion,3.726728291,8.687019919,11.33641453,8.781408671,6.376122901,9.220804583,10.19723994,10.53248275,8.049082151,6.87085015,6.141778414,4.133576357,2.271839604,1.422340841,0.875537039,1.376773858,100
1990,Rwanda,5.208823894,5.519890941,5.892923535,7.603172636,11.50328417,14.06370058,13.53203619,11.0645681,7.588300905,5.092328665,3.594001735,2.551741232,2.342297682,1.784607758,1.390506878,1.267815095,100
1990,Seychelles,4.355716878,4.355716878,4.174228675,3.35753176,6.896551724,12.34119782,15.83484574,14.47368421,10.66243194,7.123411978,5.217785844,4.491833031,2.858439201,1.814882033,1.08892922,0.952813067,100
1990,Somalia,17.67969828,12.48971134,9.03067555,6.454519023,6.854189786,9.044598507,9.572851872,9.243614891,7.026179254,4.567548863,3.29236981,1.857076752,1.604416034,0.521291887,0.371824849,0.389433295,100
1990,South Sudan,..,..,..,..,..,..,..,..,..,..,..,..,..,..,..,..,100
1990,Uganda,8.116959226,7.51540933,7.553674108,7.826698474,8.758497539,9.449676645,9.034624454,8.109030488,6.941437653,6.210270129,5.316735842,4.848595579,3.855434977,2.845727444,1.444409206,2.172818908,100
1990,United Republic of Tanzania,7.264899961,7.618829175,8.280461555,8.777656233,9.665478669,10.14079537,9.687356646,7.915240481,6.217227143,5.13179717,4.638131197,4.203747486,3.759130527,2.819788983,1.890680687,1.988778715,100
1990,Zambia,6.978649506,7.800037813,8.989055158,9.848956984,10.37064009,10.1871757,9.291561338,7.854656985,6.610320222,5.731511761,4.962641887,4.116744977,2.901118293,2.03911573,0.928525913,1.38928764,100
1990,Zimbabwe,4.308180031,5.031986092,6.001511243,7.009953754,10.57273853,13.37507244,13.09810583,9.989830354,8.458702149,6.704296249,5.302419126,3.851682253,3.354846774,1.470337587,0.588021407,0.882316179,100
1990,Middle Africa,9.257562855,10.0174078,10.1952467,9.807869506,9.73090448,9.808138145,9.134660588,7.8003315,6.442093556,5.123748479,3.765644854,3.092838895,2.370872029,1.65857616,0.758770386,1.035334066,100
1990,Angola,3.665527505,6.21761658,9.458714585,11.10131187,10.69893066,10.29654944,10.09811487,8.146841583,6.75228751,6.349906295,5.787675008,4.205710506,3.141880719,2.017418146,1.240216073,0.821298644,100
1990,Cameroon,6.108832038,8.652689879,10.24277282,9.882015021,10.56092684,11.34772242,11.3463481,9.728778852,8.017756155,5.98514365,2.507438482,1.692469439,1.519305696,1.203900307,0.481697554,0.722202753,100
1990,Central African Republic,11.2761307,10.49431149,9.664854565,9.507930281,10.09359413,10.31496946,9.2501261,7.465112369,5.898671748,4.601244185,3.508378636,2.676119487,2.056829009,1.555231744,0.779016981,0.857479123,100
1990,Chad,6.954376697,9.889617023,11.1105574,9.899583884,8.885455859,9.074826203,8.434455436,7.146238756,5.967657539,5.222634739,4.427777639,3.458500486,3.700196845,2.915306606,1.166122642,1.746692248,100
1990,Congo,7.328696948,5.768574001,6.342947623,7.367505977,9.596696575,11.68462231,11.82278245,10.6103884,8.277189605,5.945543171,4.331087584,3.539383402,3.123350616,2.131391847,0.852246267,1.277593219,100
1990,Democratic Republic of the Congo,11.35474241,11.88019289,11.34014656,10.55389861,9.570193629,8.665801932,7.344189338,6.17679701,5.209891027,4.410699582,3.889930794,3.538804297,2.449899068,1.674666843,0.822599878,1.117546135,100
1990,Equatorial Guinea,7.303754266,5.255972696,3.959044369,4.778156997,7.508532423,9.897610922,10.85324232,10.85324232,9.829351536,8.122866894,6.211604096,5.187713311,4.163822526,2.935153584,1.365187713,1.774744027,100
1990,Gabon,8.786771248,8.337782158,8.016097902,7.995564864,9.264506591,11.05361861,11.55325586,9.962629871,7.777914665,5.631527795,4.051852764,2.852723365,2.138173655,1.290843634,0.51606368,0.770673347,100
1990,Sao Tome and Principe,2.505926177,4.131391805,6.603454114,9.414155097,5.316627159,3.45411446,3.183203522,6.90822892,16.66102269,15.81442601,11.54757873,5.655265831,4.06366407,2.201151371,1.490010159,1.049779885,100
1990,Northern Africa,10.24123162,11.31270401,8.275673774,8.606801485,8.987903072,8.917939646,8.133715464,7.455614666,6.324173623,4.841209027,4.417771848,4.223158138,4.231527746,1.630042181,1.15256821,1.247965494,100
1990,Algeria,6.473900715,6.463916291,6.438622416,6.907890358,8.630536363,10.04433084,9.943820973,8.796277807,7.3771583,5.904122902,5.018837281,4.698004446,4.088288936,3.478573425,2.609262883,3.126456062,100
1990,Egypt,10.57022887,9.913192934,9.482421025,10.28413541,13.09067966,9.655382473,6.938038465,6.628013228,5.895918545,5.069184579,4.074928205,2.669480463,2.394265077,1.668697241,0.66791402,0.997519798,100
1990,Libya,4.685484967,4.023369742,3.805411463,5.968101456,10.12578953,14.23650739,15.09680397,13.33171272,10.25639969,7.225996778,4.617913781,3.020102428,2.129316419,0.709909479,0.440036752,0.327143428,100
1990,Morocco,7.583379272,6.983875413,7.411108049,7.910694598,8.031284454,8.055402426,8.138092613,8.055402426,7.624724366,6.828831312,5.667723264,4.306780595,3.359288864,3.214581036,3.390297685,3.438533627,100
1990,Sudan,13.2057698,15.43557084,10.18402177,9.757533548,8.145494231,6.664991348,5.359104518,5.113694293,4.661645498,3.615815964,4.184897722,4.747517537,5.310998945,1.473035749,1.052435075,1.087473165,100
1990,Tunisia,5.227513228,5.523809524,5.73015873,6.835978836,9.814814815,12.03174603,11.84656085,10.32804233,8.513227513,6.592592593,5.322751323,4.037037037,2.984126984,1.920634921,1.35978836,1.931216931,100
1990,Western Sahara,4.505119454,4.641638225,4.368600683,4.368600683,8.395904437,13.85665529,14.88054608,12.69624573,10.03412969,6.962457338,5.392491468,3.822525597,2.730375427,1.56996587,0.819112628,0.955631399,100
1990,Southern Africa,2.415866828,3.11071841,3.911528019,6.177555212,11.44204001,14.36141558,12.83531078,11.47462418,9.358079865,7.496144008,5.572488491,3.823051282,3.154600017,2.012726855,1.198717087,1.655133375,100
1990,Botswana,7.722402793,7.433489828,6.338028169,5.308775731,6.837606838,10.34669556,13.53075719,13.06729264,10.73191284,7.186710004,4.791140002,2.865053569,1.938124473,0.758396533,0.463464548,0.680149272,100
1990,Lesotho,8.823529412,7.711903659,6.831866605,6.507642427,8.221398796,10.676239,12.48263085,11.00046318,8.707735063,6.646595646,4.955998147,3.520148217,1.690597499,0.856878184,0.671607226,0.694766095,100
1990,Namibia,5.639392608,7.636318002,9.782267679,12.12900797,10.51170233,7.986132898,7.162577649,6.519420217,5.920185731,5.197025789,4.30288009,3.716195018,3.367948798,3.218924515,3.386772918,3.523247788,100
1990,South Africa,1.846277399,2.464073438,3.09093216,5.388112829,11.64373343,15.24106036,13.47230375,12.02311123,9.753676312,7.808685395,5.777250438,3.878967189,3.196895822,1.948615989,0.984904361,1.481399892,100
1990,Swaziland,4.652236356,5.254924087,8.050369307,11.30231842,11.57160443,10.72271235,10.13541239,8.860791957,7.188654083,5.731945014,4.282929832,3.410956094,2.708247846,1.882437423,1.92603611,2.318424292,100
1990,Western Africa,8.372726441,8.074900756,7.767043049,9.18644891,11.77546326,13.10324331,11.34003166,8.979204034,6.777969176,4.916192897,3.640746566,2.393013699,1.606837493,0.877634817,0.575879923,0.603384387,100
1990,Benin,11.86271575,9.321061558,6.83178689,8.69749576,13.08739898,14.25221989,10.98722937,8.398184176,5.87149556,3.641624264,2.653896039,1.354384915,1.254614387,0.568692008,0.561209219,0.65599122,100
1990,Burkina Faso,8.632236231,23.29416812,21.43461474,15.88336233,9.482470984,6.400295527,4.382849925,3.11852046,2.066898639,1.388259968,1.170189947,0.840701637,0.733454086,0.446268977,0.346767082,0.378941348,100
1990,Cabo Verde,4.651162791,9.212011741,13.43418379,18.40144502,15.55655904,13.50191917,11.31180853,5.870399639,2.483630616,1.309550689,1.083766087,0.903138406,0.993452247,0.451569203,0.451569203,0.383833823,100
1990,Côte d'Ivoire,2.71559448,3.054314855,3.254463311,7.383748341,14.00376971,17.01261874,14.97743017,12.14540365,8.93986552,6.492321712,4.371934146,2.729926098,1.715840589,0.828169833,0.308475719,0.066123119,100
1990,Gambia,9.04141405,7.563418092,6.050734474,9.061020119,11.8631798,14.40593611,12.02304467,7.53174675,6.09145477,4.865321389,4.069013362,2.381383284,1.904804995,1.297016861,0.742014297,1.108496969,100
1990,Ghana,14.7826087,15.31735517,12.86402505,10.94785017,7.636998675,6.691557268,5.565458268,4.762134168,4.551366976,3.713115741,3.095266771,2.284716368,2.43767313,1.978802842,1.775261954,1.595808744,100
1990,Guinea,10.28371261,11.9462387,14.19606479,11.92586704,9.994037563,8.627645831,7.332803339,6.109510086,5.149060916,4.213455232,3.597833648,3.296730597,1.415581834,0.759216933,0.53413495,0.618105933,100
1990,Guinea-Bissau,14.11106776,12.64143582,11.69202757,10.62556899,8.791780466,8.739758096,7.89439459,6.593835349,4.421901418,3.693588243,3.004291845,2.00286123,2.354012225,1.651710235,0.832357914,0.949408246,100
1990,Liberia,10.53148876,9.813812032,9.209257473,11.42719383,12.79578666,11.94458868,9.99369483,7.683035383,5.489207032,3.720050441,2.468288703,1.622654106,1.03108078,0.775165047,0.749202581,0.745493658,100
1990,Mali,17.85640288,7.033601872,13.66866141,13.07511365,7.567429219,5.879413521,5.987885288,4.769101391,5.031139929,3.697790345,3.823325086,2.814172019,2.567977672,1.658764884,1.539324062,3.029896769,100
1990,Mauritania,13.07300804,10.30415675,5.900745193,7.519672046,12.27222985,15.20610051,11.58435964,8.065104483,5.2927791,3.364658062,2.994667269,1.573763658,1.271517657,0.545432438,0.456843093,0.574962219,100
1990,Niger,6.06461193,8.360798233,7.330411792,7.917134475,9.025388432,10.26764695,10.2839448,9.197421318,7.571257832,6.200427366,5.03422549,3.59458187,3.011480932,2.156749122,1.818115968,2.165803484,100
1990,Nigeria,22.76648736,10.97608582,5.834497943,6.021876439,8.745500964,12.16398741,10.77387319,7.742245263,5.488238096,3.208076013,2.642036804,1.116463543,1.069228547,0.427847568,0.441120211,0.582434827,100
1990,Saint Helena,0,0,0,0,0,0,0,0,0,0,0,0,0,0,0,0,100
1990,Senegal,5.494093921,6.991501008,9.231489484,10.18654566,11.21650821,11.11351196,9.649236531,8.024344569,7.125468165,5.792999136,5.036012676,4.119129934,2.366753097,1.348314607,1.039325843,1.264765197,100
1990,Sierra Leone,8.800273053,8.782394578,9.545480403,11.81035814,13.19756528,12.30851747,10.29312573,7.91285056,5.652036115,3.829244309,2.540368784,1.670012109,1.062143954,0.638749157,0.829723778,1.127156591,100
1990,Togo,12.46066709,14.08992378,14.63767103,10.47945365,8.866512831,8.684707363,7.519287695,6.598606158,4.722280493,3.801598956,2.778360488,1.540684801,1.389180244,0.988275878,0.45684451,0.985945039,100
1990,ASIA,3.803247225,4.180182316,5.132767495,6.399640254,8.374287165,10.82228854,11.46001058,10.30926263,8.602958943,6.891132906,5.467763871,4.519289339,3.851898312,3.02303312,2.291435102,4.870802196,100
1990,Central Asia,2.766560135,3.48020185,4.421934399,5.337224558,5.634348192,6.293456686,7.490025231,9.071219512,10.0584693,9.169621531,8.024861228,7.202388562,7.19508831,5.496248949,3.785836838,4.572514718,100
1990,Kazakhstan,2.625251776,3.253461244,4.232416497,5.282613236,5.751534663,6.502361112,7.729191124,9.496964284,10.87888107,9.948060335,8.793132009,7.73501288,7.556939173,4.933367904,2.112457117,3.168355576,100
1990,Kyrgyzstan,4.049290366,5.067660973,5.698958589,6.336784222,6.432016466,7.235730523,8.549013885,9.294359794,8.903830794,7.8125,6.758801303,6.317584173,5.785742812,4.783500246,3.699849472,3.274376382,100
1990,Tajikistan,2.725803708,3.367388161,4.38212281,5.152343086,5.244301752,5.737051369,6.850654873,8.318804218,9.001318251,8.233224188,7.066465385,6.517371152,6.919756761,6.844276237,6.922946079,6.716171968,100
1990,Turkmenistan,2.653271126,3.45521487,4.399511083,5.165680385,5.233502765,5.70453292,6.820248334,8.31085009,9.014414119,8.244518312,7.100481464,6.56162893,6.951421289,6.831427847,6.880617705,6.67267876,100
1990,Uzbekistan,2.661901722,3.464949739,4.413240135,5.183121481,5.253186073,5.727193077,6.848641134,8.347221877,9.053395576,8.280612146,7.132077975,6.591323046,6.985868234,6.450779279,6.280385507,7.326102999,100
1990,Eastern Asia,2.467189063,3.134076413,3.842391841,5.21624858,6.821474401,8.564943372,9.969061053,9.840240173,9.716903154,7.784589952,7.237948717,7.222942879,6.600225536,4.490035825,3.264991131,3.82673791,100
1990,China,5.161132355,4.742282005,5.624785105,7.423132626,10.0148994,11.29489357,11.18236661,9.984162872,7.86594705,5.755024641,4.65944966,4.390114298,4.140054388,3.104910551,1.862946331,2.793898538,100
1990,"China, Hong Kong SAR",0.912103039,1.547204912,2.262072449,3.554240652,3.706924762,5.5192149,8.70299428,9.615008395,10.78090319,9.08208127,9.150375619,9.851548717,9.344943373,6.340436657,4.572875761,5.057072022,100
1990,"China, Macao SAR",1.357142116,2.614677471,5.000051879,6.558482657,7.49333361,11.3001795,15.69532782,13.76025898,9.95963851,5.855009909,4.718870293,4.141981137,3.816184023,2.938399444,2.241152118,2.549310534,100
1990,Dem. People's Republic of Korea,5.519461852,4.599551544,4.283332375,5.559707928,8.744897373,10.6594607,11.41263727,10.92968436,8.992123268,6.519864313,5.23773932,4.94451791,4.363824527,3.466911976,2.311274651,2.455010636,100
1990,Japan,4.64902388,5.672955148,6.069133153,7.543623377,11.82986427,13.27971882,11.02856642,9.521776104,8.163894698,6.235560763,4.80778706,3.577281171,2.567218871,1.601135795,1.389999015,2.06246145,100
1990,Mongolia,5.235448962,5.176952325,4.621234279,5.147704007,12.25504533,10.82187774,9.53495174,8.949985376,9.651945013,9.417958467,7.195086283,5.001462416,2.573852004,2.047382276,1.433167593,0.935946183,100
1990,Republic of Korea,5.790756268,7.352030069,7.678328033,6.658130602,7.983974227,8.962868118,11.40390731,10.10697617,9.685680063,7.029862459,5.328156623,4.320350254,3.159720788,2.168435835,1.090413448,1.280409731,100
1990,Southern Asia,1.870241311,2.3255557,4.714051748,7.422783708,9.273495484,10.31583959,9.866631207,9.130013978,7.910963929,7.030836118,5.865460791,4.91076214,4.115120163,3.610763866,2.934567044,8.702913225,100
1990,Afghanistan,6.591313963,6.618956938,7.632532711,8.633822716,10.20640088,11.61004976,11.25376252,9.582898212,7.5066036,5.679095768,4.465876282,3.704158732,2.782726212,1.870508016,0.749431783,1.111861908,100
1990,Bangladesh,4.882828499,4.070389017,11.30231865,19.05157983,20.67918932,16.59535767,9.621988796,5.23611785,3.024173645,1.899612894,1.178331306,0.858648553,0.806348286,0.397187968,0.159001212,0.236926509,100
1990,Bhutan,2.46792725,2.308207533,2.210314802,2.797671183,6.630944407,24.61229327,17.89376063,12.07171931,10.33025916,6.594878665,4.910093256,2.833736926,1.653871915,1.257148745,0.844968829,0.582204132,100
1990,India,0.489960648,0.786966878,2.278767912,4.248190525,5.970167556,7.63859865,8.573404428,9.095426216,8.513701731,7.715468747,6.476784669,5.309886889,4.603111182,4.471494453,4.573195967,19.25487355,100
1990,Iran (Islamic Republic of),4.977408719,5.920218179,9.617291489,13.08328245,14.88040868,14.43924777,10.95253796,7.088289168,4.394065209,3.575894493,2.933854357,2.843041478,2.196116742,1.549232711,0.619733789,0.929376806,100
1990,Maldives,6.070755704,5.714883818,5.484613774,5.149675529,8.247854302,11.89030772,12.62298514,11.36696672,9.85974461,7.243039565,5.338078292,3.768055265,2.721373247,1.967762194,1.088549299,1.465354825,100
1990,Nepal,3.993141006,7.247193687,9.057999778,9.231856215,9.658955591,10.15988441,9.423971548,9.21518505,7.097947065,6.534302907,4.888620739,4.122541003,3.729577823,2.46495086,1.42895702,1.744915295,100
1990,Pakistan,0.607343508,0.975468542,2.824579246,5.265777881,7.39996569,9.467617128,10.62636703,11.2739632,10.55324441,9.563929444,8.028446443,6.581801138,5.453562392,4.643270698,3.184341284,3.55032196,100
1990,Sri Lanka,2.087691585,2.006574734,1.336293387,1.387525082,1.545489476,2.698202621,4.423003031,5.426290398,9.665713188,11.1215472,13.10250608,12.42795543,10.80561841,8.278188106,6.728429322,6.958971951,100
1990,South-Eastern Asia,5.170921393,5.807542035,7.822757401,10.38730623,11.93524734,11.63771653,10.23318051,8.569165325,6.893569205,5.372959108,4.421204629,3.65639956,2.694189149,1.833824806,1.509161514,2.054855258,100
1990,Brunei Darussalam,4.384078746,3.913417431,2.972094801,3.053325688,10.78220566,16.26051223,17.79195336,15.23318043,10.79176223,5.311066514,3.328077217,1.973432722,1.531441131,1.027331804,0.702408257,0.943711774,100
1990,Cambodia,4.223433243,12.75413959,16.97757284,13.50345839,11.08258227,10.51666317,8.221546846,6.246070006,4.820792287,3.505554391,2.604275833,2.216516454,1.917836931,0.728358835,0.288199539,0.392999371,100
1990,Indonesia,7.55986689,7.163146791,7.531591883,8.136242034,8.698262175,9.371642343,10.18944255,9.971942493,9.07975727,7.249711812,5.729821432,3.826695957,2.67916567,1.339800335,0.669900167,0.803010201,100
1990,Lao People's Democratic Republic,7.648653227,9.266474674,10.57936642,11.14687447,11.73979333,11.51109605,9.410469253,6.903269524,5.200745384,4.480772489,3.921734711,3.125529392,2.303913264,1.389124174,0.559037777,0.813145858,100
1990,Malaysia,5.817529472,5.367809407,8.322901471,14.31021567,17.83380318,15.88682333,11.73461341,7.770916295,4.627311438,2.677374522,1.611353152,1.061585775,0.734583843,0.649321847,0.765386587,0.828470607,100
1990,Myanmar,4.352095146,5.138984926,6.9852026,9.439911492,11.36080763,12.21961001,11.3635735,9.868621214,7.7568801,6.401604204,4.664638363,3.645415572,2.458857696,1.813027244,0.998478772,1.532291523,100
1990,Philippines,7.786396548,7.179121541,6.566929327,6.340737827,6.582910249,7.073401601,7.482759045,7.576185969,7.390561422,7.02054163,6.263291824,5.120041305,4.344351974,4.297638512,4.463594232,4.511536996,100
1990,Singapore,2.581236518,2.970431584,4.039995142,5.601690946,7.322129759,9.168348552,9.769779263,9.98577385,9.553495527,8.521521388,8.117001405,7.848381631,5.488922687,2.968407539,2.021443318,4.041440889,100
1990,Thailand,4.770605956,8.030026174,12.40096513,14.71183762,13.72201802,10.97902542,8.25825614,6.08918959,4.449955201,3.341963977,2.622704472,2.111215369,1.953182873,2.091108556,2.22021546,2.247730047,100
1990,Timor-Leste,11.19101124,7.303370787,5.483146067,5.595505618,8.853932584,11.37078652,12.06741573,11.41573034,9.123595506,6.247191011,4,2.876404494,2.449438202,1.078651685,0.449438202,0.494382022,100
1990,Viet Nam,7.728168089,9.34996717,10.66316481,11.18844386,11.72685489,11.45108339,9.343401182,6.848325673,5.154300722,4.438608011,3.887065003,3.099146422,2.31122784,1.405121471,0.564674984,0.840446487,100
1990,Western Asia,6.457374181,6.521776475,5.689284754,5.158920184,7.992598676,13.29049578,15.17474568,12.48940803,8.957970654,6.025218618,3.932525797,2.707815571,2.008653216,1.388129925,0.961116666,1.243965794,100
1990,Armenia,6.548505739,8.316853642,9.128578557,8.666900771,7.087068217,6.066128227,6.426155581,8.143863086,7.949063892,6.423568115,4.71288373,4.984937254,4.8869832,4.252684496,3.778069381,2.627756113,100
1990,Azerbaijan,3.361924792,4.12274478,5.274427326,6.175881816,6.19425299,6.690274681,8.005397324,9.850116562,10.69709102,9.752559295,8.410196635,7.873631664,7.17679404,2.851966349,1.901733225,1.661007501,100
1990,Bahrain,4.769005133,3.971319156,2.627719384,1.706999104,7.640348733,17.44561232,23.07993156,18.01434042,10.47584128,5.244846411,2.791493522,1.286564002,0.560580135,0.187403243,0.091257231,0.106738369,100
1990,Cyprus,4.285784098,9.045594488,11.72848556,11.51346332,9.935004643,8.781703563,8.336998485,7.677271172,6.489762009,4.554561892,3.953477007,3.567414358,3.982798221,2.712212286,1.705517275,1.72995162,100
1990,Georgia,4.686949019,5.366695427,6.005927149,5.3486889,4.740968601,5.416963649,6.507859099,7.955884008,7.624263796,8.301759388,8.396293656,11.00874067,8.285253404,4.143001838,2.071500919,4.139250478,100
1990,Iraq,2.419687539,6.555936216,10.88769708,12.83026313,12.3961902,11.9047192,10.94150778,9.56216032,6.70301878,4.64745027,3.490520349,2.762282291,1.998170436,1.375760076,0.611648222,0.912988108,100
1990,Israel,1.015987763,2.812875838,3.439905446,3.791758187,4.525822644,5.482519587,6.605282721,7.676409649,9.026346142,9.418418038,8.4081388,8.649453733,8.009839422,7.703006187,5.474475756,7.959760086,100
1990,Jordan,15.35671719,13.68997379,10.43270534,8.902370612,9.356440961,8.002414433,6.732961279,5.670508276,4.888204572,3.991829121,3.36963509,3.10585483,2.472577595,1.716703071,1.084789922,1.226313914,100
1990,Kuwait,10.75879782,11.31309954,9.657371297,8.924868449,6.271549815,7.498343203,11.02693937,9.76807894,7.796108588,7.041616912,4.496257318,2.593154756,1.363460064,0.745329664,0.327847324,0.41717694,100
1990,Lebanon,12.71862706,11.64965923,10.1619128,10.22237815,10.91735654,9.870410045,7.985533103,6.156269362,4.89956032,3.980262912,3.337538537,3.01244392,2.187203738,1.070460806,0.762535365,1.067848105,100
1990,Oman,3.086065895,2.820061284,1.734597508,0.820696396,6.838174342,19.86456447,21.85403152,19.26863166,12.6346004,6.43689917,3.024616768,1.032262854,0.385191173,0.101040511,0.054025743,0.044540307,100
1990,Qatar,6.869766124,5.919480198,4.836853567,3.551068463,7.566435919,12.96230724,17.62123117,15.57504028,11.23568153,6.725474922,4.021121399,1.732822265,0.777667617,0.308942514,0.198289751,0.097817042,100
1990,Saudi Arabia,5.823500627,5.295420306,3.695810336,2.743503286,7.41249365,18.00261243,20.74527358,15.65945526,9.984321206,5.351001377,2.927089245,1.192827516,0.662822309,0.183916799,0.162712982,0.157239089,100
1990,State of Palestine,5.448104102,10.74632289,12.08166479,11.82655695,10.1535946,7.824316243,5.177099341,3.872794301,3.833430481,4.334562191,4.731985375,4.819796974,4.48369051,4.147584046,2.869016889,3.649480322,100
1990,Syrian Arab Republic,6.111344578,4.994822524,3.573694576,2.707394315,8.295772598,17.3713253,19.51867325,15.97546673,10.78096117,5.84217075,2.944432084,1.083836661,0.47489954,0.132938911,0.102725522,0.089541498,100
1990,Turkey,5.938035332,6.872511168,10.36583993,12.92521249,13.56107176,12.94062831,10.18743212,7.062870564,4.720185544,3.715212643,3.223465303,2.660008418,2.105904952,1.368543759,0.845791568,1.50728614,100
1990,United Arab Emirates,5.099533714,5.308214401,4.568229465,3.470966025,9.563691062,13.29140407,17.99224502,16.20038067,11.32283171,7.471948809,3.433414231,1.44016497,0.471221377,0.20395989,0.087549327,0.074245263,100
1990,Yemen,11.13863602,13.79346366,9.576182659,9.844799284,10.46858678,10.07760036,8.55991643,6.969109088,5.757349649,4.851514699,3.839725414,2.429488136,1.092374272,0.805849873,0.322339949,0.473063722,100
1990,EUROPE,1.757388032,3.231942624,4.911154756,6.236199925,7.843260287,9.471340388,10.31463065,10.51263785,9.624406678,8.267959228,6.750041768,5.854671814,4.771117783,3.601130248,2.807414846,4.043133425,100
1990,Eastern Europe,1.817020108,3.669526018,5.841296318,6.691965495,7.586109681,8.625235914,9.397179545,10.30578273,9.530025841,8.573203142,6.41181391,5.93445145,4.887933974,3.232697755,2.775293608,4.720464515,100
1990,Belarus,2.631721563,3.054258498,4.591439825,6.868104493,8.579405302,10.70222946,10.46220331,9.584787971,7.96946266,7.508115961,7.022993911,6.259910038,5.350677685,3.790420282,1.792067074,3.832201965,100
1990,Bulgaria,6.068309937,6.455178512,7.836851995,9.019564497,11.86028518,12.21399359,13.40775948,12.39084779,7.903172322,4.222394164,2.663866475,2.133303858,1.403780259,0.77373715,0.762683763,0.884271029,100
1990,Czechia,0.557442731,1.419736957,2.154864559,2.390035711,3.673896002,5.299189966,6.919257904,7.612577302,8.210086229,10.41024301,10.04964724,12.21496385,8.34073687,7.551607003,6.431495514,6.764219145,100
1990,Hungary,3.828792778,4.111150238,5.342382431,6.882863271,8.685853315,8.252392995,7.757467106,6.60050581,5.613855364,4.862822934,4.927489836,6.409066172,5.949995198,5.037615648,4.963344751,10.77440215,100
1990,Poland,1.494475046,2.066257964,2.325706796,2.270125431,2.879239116,3.216252986,3.497685492,3.502870321,3.766259623,5.055622843,10.30619525,12.17190404,12.6968161,8.948184895,8.599971795,17.20243231,100
1990,Republic of Moldova,3.315304487,2.809495192,3.927534054,5.263838809,5.611478365,5.527176816,6.121878339,7.786207933,9.761451656,10.54854434,9.353298611,7.321714744,5.800948184,3.873697917,4.366152511,8.611278045,100
1990,Romania,0.753459141,0.32117498,0.335063627,0.475686186,0.668391174,0.737834413,1.067689797,0.902762105,1.088522769,7.874863284,14.08829708,16.05354074,14.53273381,11.54146629,11.28452631,18.2739883,100
1990,Russian Federation,1.836927465,4.206547274,6.868046275,7.640985942,8.789229168,9.99890017,10.62773034,11.71207029,10.32593147,8.756570244,5.029509734,4.8587002,3.692757145,1.824479234,1.444702093,2.386912948,100
1990,Slovakia,1.072194425,2.771210205,3.178094243,4.470225986,5.657887502,6.796063122,7.175454995,8.682025623,11.77214494,8.198163523,6.460658712,7.362401716,8.027712102,7.252433057,4.519711882,6.603617969,100
1990,Ukraine,1.482629859,3.174597263,5.062257859,5.879734006,6.170226669,6.965560368,8.362227422,9.502969763,9.618997543,9.032121108,7.935088094,6.458755628,5.417891301,4.477378984,4.076241797,6.383322335,100
1990,Northern Europe,1.769412808,3.030769536,3.676275909,4.849986825,6.915298696,9.521785683,10.57164652,10.18246637,9.100367993,7.91601617,7.745037575,6.765318577,6.047970341,5.053297406,3.402666082,3.451683514,100
1990,Channel Islands,0.944664713,1.623857956,2.192725392,2.923633856,6.271332529,10.46716083,10.74297535,9.705223237,9.536286847,10.12928805,9.991380796,7.026374763,5.078434753,4.192380624,3.602827099,5.571453198,100
1990,Denmark,2.776830899,4.992526942,5.431295942,6.418963212,10.6790431,14.39634301,12.89648723,9.621452483,8.857539922,7.823548435,5.049339661,3.210355648,2.380015908,1.822377219,1.386230345,2.257650051,100
1990,Estonia,1.341363263,2.36413091,2.986178658,5.324682132,6.343372687,9.344112388,10.93942024,10.34008772,7.847237188,9.002801545,10.04653709,8.394732397,7.575236908,3.635018726,2.319282898,2.195805255,100
1990,Faeroe Islands,4.918032787,6.721311475,8.93442623,10.57377049,13.07377049,13.7295082,10.36885246,8.729508197,8.81147541,6.598360656,2.254098361,2.049180328,0.942622951,0.778688525,0.737704918,0.778688525,100
1990,Finland,4.175872735,9.592197462,12.41714538,11.36607537,10.50438735,9.626917493,9.011426046,7.420617385,5.892936052,5.078593523,3.260526482,2.36096206,1.821223408,2.654504135,2.032699956,2.783915157,100
1990,Iceland,7.25047081,10.05178908,10.19303202,10.40489642,10.26365348,10.8992467,9.22787194,8.592278719,6.5913371,5.484934087,4.260828625,2.848399247,2.095103578,0.965160075,0.588512241,0.282485876,100
1990,Ireland,2.977884435,6.359005469,8.960416797,12.64842586,12.36919344,11.4405003,9.528694923,8.147698786,5.953092521,5.13323758,3.854834825,3.347220611,2.722739154,2.386411283,1.828838554,2.341805465,100
1990,Isle of Man,1.411031702,3.237432044,4.685113921,5.33260033,5.815160955,7.067375237,8.044713212,7.977521227,7.201759208,8.03860485,7.281167919,6.780282206,6.285504856,5.576934824,5.74796897,9.516828538,100
1990,Latvia,0.223177442,0.68431912,1.586313618,2.510660248,2.919188446,3.78954608,5.894429161,9.497592847,11.9133425,11.81086657,10.6911967,9.763755158,8.931911967,7.190508941,6.500343879,6.092847318,100
1990,Lithuania,2.872072182,2.245040557,2.560379135,3.232979919,5.042379318,8.625330376,11.07877389,10.73609381,9.187350002,7.667162864,6.771576997,6.852386305,8.548166601,6.705957408,4.908102196,2.966248443,100
1990,Norway,2.781181575,4.826138487,4.630280629,5.373536088,9.612101002,14.29661919,13.56340773,11.24023222,9.938530765,7.67863241,4.474598742,3.219099656,2.679737249,2.662662462,1.392097387,1.631144413,100
1990,Sweden,1.288747928,2.501533602,3.643055719,5.176396883,6.492031795,9.739874962,11.09492671,11.10380203,10.83206077,8.949449861,7.864834175,6.560423927,5.085816464,3.680906326,2.808254043,3.177884804,100
1990,United Kingdom,1.824591448,3.112360856,3.530306619,4.530051559,7.094032957,9.810196487,10.94635309,10.21817896,8.615284939,7.181140575,7.770796517,6.887878263,6.145527792,5.567144601,3.340093188,3.426062144,100
1990,Southern Europe,3.351640068,4.823563574,6.869703526,10.19676548,11.25343039,11.30825849,9.438043524,7.970531474,6.667649145,5.641088786,5.427448273,4.464829788,3.848050064,2.762928838,2.330363761,3.627477263,100
1990,Albania,5.892933059,6.259197488,7.593446483,8.74783348,11.52424867,11.94937702,13.26727493,12.4856928,8.280192289,4.630628863,2.894143039,2.249910069,1.514110991,0.860067366,0.840446058,1.0104974,100
1990,Andorra,2.39308025,4.07496396,4.699663623,4.690052859,7.717443537,12.28255646,13.19077367,11.4704469,9.283998078,6.559346468,5.362806343,4.723690533,4.55069678,3.306102835,2.215281115,3.479096588,100
1990,Bosnia and Herzegovina,4.819504107,2.837440651,3.022081543,4.352249604,5.05689954,6.010249454,7.513753862,9.420453689,9.944230914,9.699299118,8.595221946,8.158112895,7.076644811,5.663576758,3.138895169,4.691385937,100
1990,Croatia,0.877181157,1.746273553,2.630195344,3.754083701,5.574953602,8.943023669,11.20068665,11.84104687,10.49381884,8.343556628,10.67581595,8.928194274,6.605821211,3.850250078,1.750317933,2.784780547,100
1990,Gibraltar,6.669611307,5.830388693,5.521201413,5.58745583,8.701413428,12.25706714,12.91961131,11.57243816,9.761484099,7.045053004,5.123674912,3.666077739,2.583922261,1.303003534,0.66254417,0.795053004,100
1990,Greece,6.300486611,7.495500518,8.896551306,8.684454517,8.92472988,9.568595131,8.394487907,7.479138766,7.106454408,5.990219308,5.559056836,4.472212291,3.731994498,1.536186742,1.4465001,4.413431181,100
1990,Holy See,0,0,0,0,0,0,0,0,0,0,0,0,0,0,0,0,100
1990,Italy,3.251330139,4.559987796,6.853524363,10.72937389,14.15784837,14.38791807,10.40761876,6.852590386,4.583959876,3.730304757,4.050658921,3.424582901,3.259891596,3.11310152,3.06406772,3.573240932,100
1990,Malta,4.335424986,10.9526526,11.48031945,12.03650884,13.13462635,9.840273816,7.102110667,5.19110097,4.777524244,4.050199658,3.00912721,2.909298346,2.69537935,2.424415288,3.094694809,2.966343411,100
1990,Montenegro,..,..,..,..,..,..,..,..,..,..,..,..,..,..,..,..,100
1990,Portugal,1.873553034,4.695553587,9.389201703,21.50131954,15.91686436,10.98074523,9.139108812,7.09025257,4.576938101,3.246443917,2.887262888,2.644791875,2.311811054,1.233315231,1.115176113,1.397661989,100
1990,San Marino,4.398148148,4.571759259,4.513888889,4.513888889,8.680555556,13.65740741,14.75694444,12.55787037,10.06944444,7.002314815,5.324074074,3.761574074,2.662037037,1.5625,0.925925926,1.041666667,100
1990,Serbia,3.19832163,4.127419079,4.711851344,5.593851687,5.762973112,6.529371468,7.554803905,8.783610207,9.642061997,10.44913513,8.593081007,5.037249529,4.677598904,3.215447851,4.960181538,7.163041617,100
1990,Slovenia,0.485957504,0.923877829,1.54836115,2.333713162,3.940165784,5.770047143,7.083808119,10.54918784,14.37763925,15.78188887,11.01391961,7.875862993,7.137431016,5.088589494,2.887816431,3.201733807,100
1990,Spain,3.510838831,5.924732615,8.486917592,12.09508052,12.74920092,11.96907143,8.539421383,7.104403147,5.774136377,4.658750973,3.767723231,3.097211408,2.836741384,2.494058108,2.333729459,4.657982625,100
1990,TFYR Macedonia,4.220771035,3.055898742,2.009530773,3.411411714,4.982224351,5.224275737,6.727011422,8.527268601,9.344192027,10.01487607,11.01838078,10.47376516,8.26000353,5.705857139,3.90559996,3.118932957,100
1990,Western Europe,1.295144857,2.396989421,3.782758474,5.247604919,7.671329359,10.02129757,11.53051052,11.49967597,10.64947654,8.670016218,7.104561058,5.756063628,4.378387909,3.703892518,2.7393997,3.552891346,100
1990,Austria,1.599024674,3.155962605,4.621395814,5.550562469,6.405330625,8.53980727,10.62703815,10.96210293,9.896901058,8.745625015,7.855558301,6.548154021,5.50603198,3.92112673,1.761669567,4.303708792,100
1990,Belgium,6.94989804,7.418667914,7.317528506,7.571095055,8.757893182,10.12830139,9.947153121,8.723017524,7.334556033,5.762279309,5.259659532,4.692417211,3.859299286,2.542025168,1.876925854,1.859282874,100
1990,France,0.821504206,1.794873334,2.904304095,3.97562693,5.472338246,7.526365484,9.896525144,10.97698321,11.18362619,9.419592609,8.140559903,7.155521682,5.819943882,5.151038083,3.973959917,5.787237079,100
1990,Germany,0.69478016,1.922549017,4.01053345,6.030011588,9.271124596,11.64172786,13.00532503,12.72577319,10.95912458,8.482968169,6.037754986,4.652445942,3.252287794,2.762206632,2.212030629,2.339356381,100
1990,Liechtenstein,7.236400269,7.236400269,6.917394224,6.615177972,7.857622565,8.697112156,8.865010074,8.999328408,9.335124244,9.217595702,6.833445265,3.760913365,2.686366689,2.60241773,1.276024177,1.863666891,100
1990,Luxembourg,2.641718098,3.421212229,3.767257679,4.669829831,8.108879455,11.19831615,11.73700546,11.10021048,11.18939745,8.360386715,6.910206557,5.117548429,4.238164889,2.686311584,1.85152153,3.002033463,100
1990,Monaco,2.555168409,2.702988069,2.850807729,3.25203252,4.21286031,5.743849646,7.243163341,8.098405659,8.383486432,8.172315489,8.584098828,7.749973604,6.472389399,6.831380002,5.817759476,11.32932109,100
1990,Netherlands,1.672848333,3.058363144,4.188789266,6.636357651,9.340534116,11.69440679,11.87757769,10.65716992,9.994040615,7.369716532,6.571867989,4.427333488,3.562969428,3.604837062,2.349652144,2.99353584,100
1990,Switzerland,1.555961261,2.625408281,3.217041548,4.127882928,8.073911369,12.3487042,12.93976694,11.00055626,10.16231404,9.44915919,9.019412075,6.439930967,3.955442085,2.76190612,1.419320791,0.903281939,100
1990,LATIN AMERICA AND THE CARIBBEAN,4.689415205,5.657378559,5.953121972,6.184395657,6.684446115,7.311156377,7.674566595,7.792469191,7.885406795,6.984359627,6.317838821,5.837638034,5.683483378,5.387656563,3.80999695,6.146670162,100
1990,Caribbean,8.305407284,8.57520749,8.876299425,9.598374285,9.821782683,9.62493587,9.087518602,7.527298396,5.838090768,4.493819883,3.68241805,3.212860173,3.024564008,2.584478574,2.326503731,3.420440777,100
1990,Anguilla,9.538950715,7.86963434,7.233704293,7.949125596,10.17488076,11.28775835,11.04928458,9.777424483,7.631160572,5.246422893,3.656597774,3.020667727,2.702702703,1.192368839,1.033386328,0.635930048,100
1990,Antigua and Barbuda,9.991341991,6.147186147,4.502164502,6.857142857,10.82251082,13.59307359,11.61904762,9.800865801,7.203463203,4.45021645,3.826839827,2.995670996,3.151515152,2.025974026,1.298701299,1.714285714,100
1990,Aruba,5.086327578,6.548452325,6.657333956,5.537408617,6.843988179,9.58158345,9.970446415,9.659356043,7.715041219,5.475190543,4.915227874,4.650801058,4.650801058,3.686420905,3.826411573,5.195209208,100
1990,Bahamas,3.268966515,1.873146742,2.184132494,4.375497216,7.637231504,10.58798004,12.34541115,12.70702249,11.26780936,7.253923483,7.130975627,5.85810371,4.787734143,3.869241339,1.576625443,3.276198742,100
