Year,Destination,0-4,5-9,10-14,15-19,20-24,25-29,30-34,35-39,40-44,45-49,50-54,55-59,60-64,65-69,70-74,75+,Total
1990,WORLD,3.220766731,4.090391986,5.106896429,6.429667251,8.31497816,9.950129726,10.24779259,9.589531559,8.545523938,7.092227417,5.897976295,5.13204354,4.564370452,3.579840731,2.865496264,5.371611074,100
1990,More developed regions,1.526837336,2.845024599,4.248124667,5.764180331,7.904446138,9.727560287,10.32519814,10.04003329,9.303577909,7.850457632,6.564356743,5.74295213,5.08985405,3.930382866,3.240536757,5.89554212,100
1990,Less developed regions,5.208234524,5.551567155,6.114483419,7.210475367,8.79665064,10.21126788,10.15697355,9.060963084,7.65610797,6.202604663,5.116119814,4.415271549,3.947826616,3.168553692,2.425465586,4.756888828,100
1990,Least developed countries,9.716319345,10.03733691,9.954045912,11.03745196,11.40228692,10.57725183,8.660457215,6.830475599,5.31780892,4.067586086,3.448100852,2.942213949,2.548435298,1.414583248,0.84853321,1.197112747,100
1990,"Less developed regions, excluding least developed countries",4.363815462,4.711327977,5.395286711,6.493636152,8.308583306,10.14271463,10.43728925,9.478760491,8.094099793,6.602519584,5.428560032,4.691193136,4.209949613,3.497093668,2.720844181,5.423678141,100
1990,High-income countries,2.293488444,3.283597166,4.076455817,5.371249569,7.944257906,10.4933159,11.28958502,10.30132906,9.166844433,7.3238045,6.225117795,5.27760134,4.711465502,3.752401846,3.014089367,5.47539634,100
1990,Middle-income countries,3.447904723,4.273695896,5.647675469,7.10336348,8.413774036,9.276327433,9.225602485,9.076694518,8.209308713,7.170993823,5.827295294,5.257204066,4.680088396,3.651530326,2.956713616,5.781827725,100
1990,Upper-middle-income countries,3.46935377,4.6734122,6.533455971,7.832380571,8.990707383,9.607865743,9.28482334,9.07722933,8.119286615,7.045434602,5.446920017,5.267420424,4.695341229,3.414634453,2.457158632,4.084575719,100
1990,Lower-middle-income countries,3.427465349,3.892795477,4.803591402,6.408663483,7.86399873,8.96039566,9.169169339,9.076184882,8.295093191,7.290642583,6.189765127,5.247468624,4.665553561,3.877274776,3.432752997,7.399184818,100
1990,Low-income countries,9.537807357,9.603544609,9.686132158,10.26357709,10.80162653,10.5593127,9.228900861,7.381273953,5.763387608,4.437803537,3.616685497,2.920444801,2.426911542,1.561886643,0.895807744,1.314897374,100
1990,Sub-Saharan Africa,9.002929072,9.063574453,8.660227188,9.832509423,11.20780291,11.33464835,9.70074918,7.822076566,6.070228972,4.608912849,3.713323039,2.976974156,2.546833735,1.447681293,0.852663581,1.156258077,100
1990,AFRICA,8.913795201,8.932009902,8.566600574,9.758656492,11.20518924,11.35986124,9.754411919,7.88750708,6.127576961,4.65789663,3.739105834,2.993188989,2.560605783,1.475511839,0.884744984,1.180896386,100
1990,Eastern Africa,9.231608622,8.675558527,8.927435153,10.08948478,10.88703261,10.93852463,9.673993982,7.715821732,5.93623675,4.556180208,3.756989191,3.055835894,2.587897347,1.682184415,0.903365526,1.381850631,100
1990,Burundi,6.742217286,7.043619225,6.244784005,6.068265738,8.156464831,11.54273363,13.33943742,10.9516376,8.220107472,5.897751494,4.731169884,3.488637387,2.979496262,2.295337876,0.91801507,1.380324818,100
1990,Comoros,4.261666312,5.994743945,7.479224377,8.232118758,8.786135379,11.32182683,12.13154343,11.30762128,9.006321472,6.996235528,5.341288444,3.522977484,2.42204702,1.598124867,0.639249947,0.95887492,100
1990,Djibouti,4.43049885,5.980968901,9.557277391,14.20459659,16.52334705,15.55788285,11.14538418,6.781976911,3.77840142,3.03875766,2.65420836,2.32120503,1.82620008,0.97446429,0.48682305,0.73800738,100
1990,Eritrea,6.060094531,5.275151924,6.912559082,9.697839298,12.77008778,14.1458474,12.64348413,10.03544902,6.819716408,4.464888589,3.173531398,2.852802161,2.278865631,1.401080351,0.557056043,0.911546253,100
1990,Ethiopia,6.685967509,7.17523953,8.851210414,11.61780871,12.70852266,12.24616796,10.06681727,7.735310155,5.751564407,4.343728092,3.426548611,2.814893672,2.51032119,2.032906638,0.813145345,1.219847844,100
1990,Kenya,5.9254874,7.225219649,9.411622243,14.36668326,11.35886603,11.24012755,9.032533671,7.167700443,5.397050711,4.609273038,3.761621571,3.015553732,2.522099485,1.95363481,1.385170136,1.627356269,100
1990,Madagascar,5.188777857,5.381109671,4.427812853,5.531630221,7.697453694,7.797800728,7.095371493,6.539281682,6.99502446,8.153196471,8.303717021,7.44658611,5.682150771,4.122590626,4.47798637,5.159509972,100
1990,Malawi,14.8594869,12.54287397,11.22854528,11.90415385,10.39110633,9.087507227,7.231911354,5.646328357,4.351419319,2.970673675,2.647101596,2.313686682,1.929550138,0.735818339,0.530714962,1.629122019,100
1990,Mauritius,8.635482978,10.48989759,8.220315527,5.369499031,9.078328259,8.912261279,9.52117354,8.386382508,7.002491005,5.120398561,3.542762247,3.238306117,3.404373097,3.155272627,2.103515084,3.819540548,100
1990,Mayotte,6.159301333,5.929476656,7.656444941,10.29614551,13.05404163,13.82887911,12.25293847,9.803664062,6.572985751,2.961455119,3.427670891,3.230678311,2.856392409,0.965263642,0.348020225,0.656641933,100
1990,Mozambique,14.63231207,10.51728084,7.662753817,12.87071249,22.05064905,7.945590688,5.100873034,4.697053919,3.48314423,3.175783932,2.41637511,1.885034169,1.293202106,0.98829415,0.546054998,0.734885394,100
1990,Réunion,3.915399406,9.194196819,11.86331061,9.091067995,6.51459535,9.451144905,10.38804405,10.47194546,7.79933578,6.435937773,5.616151023,3.700402028,2.031113442,1.300471945,0.839014158,1.387869254,100
1990,Rwanda,5.392540142,5.856670149,6.375845223,7.907098937,11.23982761,12.93934409,12.15370084,9.853692711,7.180879345,5.209890598,3.959491834,3.006211336,2.424485047,2.218066042,1.982247966,2.300008132,100
1990,Seychelles,5.159903252,5.079279764,4.649287826,3.52055899,6.960494491,12.22789573,15.50658425,13.84036549,9.916689062,6.530502553,4.810534802,4.246170384,2.741198603,1.908089223,1.424348293,1.478097286,100
1990,Somalia,18.37635429,13.10031069,10.48016492,7.836393515,7.893053227,9.356797284,8.823025169,7.822803548,5.733293748,3.696262132,2.704194491,1.569954881,1.407920651,0.462267977,0.354384542,0.382818936,100
1990,South Sudan,..,..,..,..,..,..,..,..,..,..,..,..,..,..,..,..,100
1990,Uganda,8.288808845,7.696661514,7.836369596,8.299734734,9.492447704,10.25976748,9.542599323,8.164683588,6.639357916,5.707612478,4.766374056,4.294232385,3.389353886,2.484475387,1.254148703,1.88337241,100
1990,United Republic of Tanzania,7.270066635,7.719524411,8.504159227,9.168938635,10.15913941,10.50389791,9.798005313,7.871085754,6.137537564,5.007098994,4.435346893,3.920560951,3.4447977,2.58368538,1.692783415,1.783371804,100
1990,Zambia,7.154095094,7.98626666,9.192592885,10.03623279,10.52901311,10.32760036,9.437011923,7.955445491,6.569209652,5.518781202,4.678366765,3.855154841,2.71082934,1.899444144,0.859050493,1.290905246,100
1990,Zimbabwe,5.047214436,5.881742954,6.990033837,7.882792695,11.14752058,13.16899083,12.25676868,9.017087813,7.473106357,5.911735567,4.776164168,3.646336035,3.45856313,1.670971458,0.668292862,1.002678596,100
1990,Middle Africa,9.386661007,10.20061211,10.05169356,9.866007545,10.11550601,9.999041444,9.096697774,7.71562378,6.354200188,5.030571094,3.647579988,2.947012386,2.279035693,1.551354645,0.749180092,1.009222679,100
1990,Angola,4.063609512,7.008383805,10.80943999,12.92478444,12.29823672,10.67816332,9.222185756,6.936778351,5.668765104,5.325655637,4.851269505,3.532535728,2.783662022,1.784169228,1.190440672,0.92192022,100
1990,Cameroon,6.264697902,8.843614327,10.41289797,9.95424807,10.57457489,11.36449288,11.36449288,9.74734684,8.03485287,5.997874457,2.420631331,1.550440183,1.355221901,1.05561083,0.422093584,0.636909069,100
1990,Central African Republic,12.16051403,10.93940566,9.80605051,9.639468126,10.25374067,10.23886724,8.985037332,7.173453907,5.651902311,4.37427492,3.246869144,2.452628135,1.933545528,1.521551596,0.760032127,0.862658774,100
1990,Chad,6.757956471,9.998385838,11.7362998,11.05162627,10.15173119,10.00914692,8.728578731,6.959726669,5.528503403,4.615156977,3.748890264,2.850340319,3.048075112,2.40779102,0.963116408,1.444674612,100
1990,Congo,7.362824757,6.078072795,7.026397216,8.248647731,10.21319938,11.68314081,11.46322832,10.15841416,7.933054006,5.707693851,4.093458954,3.262421198,2.86349221,1.952977307,0.780882274,1.172095033,100
1990,Democratic Republic of the Congo,11.01281633,11.68293569,10.54078924,10.13930103,9.967329361,9.054169086,7.628806381,6.481886623,5.482409035,4.585557562,3.92936035,3.457465851,2.469921532,1.601179537,0.848853213,1.117219177,100
1990,Equatorial Guinea,9.635036496,7.04379562,5.145985401,5.802919708,8.357664234,10.32846715,10.72992701,10.10948905,8.357664234,6.496350365,4.817518248,4.160583942,3.321167883,2.335766423,1.240875912,2.116788321,100
1990,Gabon,10.0726676,9.265510236,8.645882169,8.377871542,9.456946398,10.96186904,11.09782779,9.232692608,7.055008595,5.073448976,3.622441006,2.555086732,1.992498828,1.292389436,0.516486951,0.781372089,100
1990,Sao Tome and Principe,2.776782515,6.091006808,7.649587961,10.98172698,6.753851666,4.317448943,3.493371551,6.4313866,14.11680401,13.4181297,9.79935507,5.159441061,3.780007166,2.167681834,1.558581154,1.504836976,100
1990,Northern Africa,10.67859521,11.76997337,8.933130826,9.381574567,9.512691411,8.888981358,7.606815912,6.734312583,5.661284953,4.367301931,4.169648802,4.113931425,4.1499251,1.571945739,1.1685253,1.291361518,100
1990,Algeria,6.325514502,6.25287457,6.183519861,6.845309797,8.702920928,10.2842083,10.23602503,8.928141221,7.456361287,6.145922308,5.25051651,4.70662958,3.992276076,3.277922571,2.458441928,2.953415537,100
1990,Egypt,11.53948005,10.70359454,10.12964285,10.3420683,12.24814056,8.802703387,6.491353306,6.237478988,5.455707279,4.74186566,3.930734336,2.70971976,2.630276096,2.016026896,0.806525894,1.21468211,100
1990,Libya,7.139528524,6.232018815,6.86342504,9.504129519,12.83815566,14.18454302,12.45681781,9.766012142,7.04282667,4.863096866,3.176502762,2.285182957,1.906689274,0.747798501,0.556582618,0.436689821,100
1990,Morocco,7.248383277,6.568904272,6.831223244,7.242918299,7.528918845,7.774842882,7.93879224,7.838600965,7.443300847,6.802076692,5.867565352,4.687129975,3.85098825,3.847344931,4.189816923,4.339193005,100
1990,Sudan,12.87030543,15.17118874,10.1748811,9.886049999,8.333262052,6.863160206,5.513594735,5.226902065,4.728290622,3.647169854,4.206655376,4.743259657,5.138941162,1.349280346,1.034930601,1.112128055,100
1990,Tunisia,5.154802022,5.465459141,5.670808762,6.597514743,9.293386689,11.55486521,11.7022957,10.39121735,8.645745577,6.792333614,5.541807077,4.235994103,3.246103623,2.092986521,1.474304971,2.140374895,100
1990,Western Sahara,4.724702381,4.836309524,4.724702381,4.6875,8.96577381,14.17410714,14.84375,12.23958333,9.449404762,6.436011905,4.947916667,3.53422619,2.566964286,1.525297619,0.855654762,1.488095238,100
1990,Southern Africa,3.109542869,3.957743657,4.698500889,6.767292056,11.21664743,12.95053934,11.56375619,10.54641799,8.717004738,7.118997328,5.454196798,4.114958858,3.679941739,2.520255193,1.503707018,2.080497918,100
1990,Botswana,9.545619775,8.920392585,7.491821156,5.819701927,6.993820429,10.45074518,13.13340603,11.79207561,9.167575427,6.255906943,4.183933115,2.511813886,1.752090149,0.781533988,0.501635769,0.697928026,100
1990,Lesotho,9.27184466,8.07038835,7.184466019,7.087378641,9.065533981,11.0315534,11.88106796,9.987864078,7.876213592,6.104368932,4.587378641,3.288834951,1.638349515,0.898058252,0.764563107,1.262135922,100
1990,Namibia,5.978067158,7.786739168,9.01351945,11.10153265,10.28340282,8.129077179,7.150968576,6.47458161,5.79322121,5.050521796,4.234049784,3.759086878,3.569267496,3.594134664,3.930670336,4.151159224,100
1990,South Africa,2.508413646,3.329286535,3.9692134,6.081796882,11.42271173,13.66623621,12.07458138,11.05351655,9.11328716,7.444734565,5.68313138,4.231782748,3.804592042,2.494408802,1.246259289,1.876047678,100
1990,Swaziland,4.853991815,5.332593466,7.901782618,10.90656863,11.30887147,10.63744191,10.06589443,8.761878338,7.136019976,5.76680308,4.383713671,3.530554207,2.821668863,1.989318166,2.06561698,2.537282375,100
1990,Western Africa,9.194379245,8.883340421,8.60773385,10.41661307,12.891905,13.19938718,10.66752444,7.96449527,5.75297679,4.061534015,2.979530491,1.972842877,1.413196681,0.797784947,0.558863287,0.629325156,100
1990,Benin,12.50984097,10.31464861,7.799296699,9.686138666,13.43226788,14.08964468,10.1125807,7.570986196,5.091061775,3.078255393,2.246365402,1.098252244,1.136303994,0.568151997,0.535348764,0.730856033,100
1990,Burkina Faso,8.308427974,22.15342464,20.15117672,15.38965329,9.844504758,7.192763194,5.060673746,3.619547156,2.418370003,1.585553843,1.309569092,0.882865208,0.801642753,0.457591297,0.381516744,0.442719579,100
1990,Cabo Verde,4.512372635,8.979957452,13.16761841,17.97111186,15.05990371,13.34676968,11.85757474,6.348673161,2.55290561,1.276452805,1.052513716,0.895756354,1.08610458,0.604635539,0.604635539,0.68301422,100
1990,Côte d'Ivoire,3.34893907,3.957441701,4.429797856,9.599895619,16.36747107,17.59823962,14.16897798,10.61210311,7.334733152,5.060486912,3.278691232,2.016157003,1.296722245,0.639497563,0.238875682,0.051970188,100
1990,Gambia,10.08525012,8.761206539,7.338113661,11.03595405,13.19302761,14.16912879,10.85901984,6.44074397,4.973629183,3.926415685,3.220371985,1.881936625,1.50521067,1.071764178,0.612073855,0.926153247,100
1990,Ghana,14.72359889,15.50794354,13.22891581,11.36662805,8.005410947,6.992374933,5.790683708,4.851047309,4.448865946,3.518935281,2.869257693,2.087339476,2.140721015,1.64451535,1.483764126,1.339997938,100
1990,Guinea,10.67759111,11.7699525,13.79809277,11.74170819,10.00146177,8.64647776,7.257798777,5.954100505,4.973477594,4.065695293,3.48297041,3.209694243,1.848268549,1.000195728,0.730140404,0.842374406,100
1990,Guinea-Bissau,13.90551796,12.5715773,11.90786049,11.56298803,10.15096304,9.493753254,7.704320666,5.960437272,3.878188444,3.24049974,2.628839146,1.795939615,2.082248829,1.45757418,0.72878709,0.930504945,100
1990,Liberia,12.42365528,11.68969294,11.19687461,12.01192031,12.08984457,10.65772293,8.638010193,6.511941367,4.615433217,3.159091866,2.147129439,1.457394381,0.974053325,0.781348722,0.803462365,0.842424498,100
1990,Mali,17.51692216,6.791882341,13.14080231,13.05681366,8.046735019,6.546759904,6.708515827,5.092200876,5.173078837,3.585382242,3.600935696,2.627911607,2.411407525,1.572143142,1.401055146,2.727453713,100
1990,Mauritania,12.87774295,10.14867891,7.814599194,8.931482311,12.90550828,14.25794895,10.51141961,7.203761755,4.741603224,3.101656964,2.719211823,1.510076131,1.258396776,0.601880878,0.582176444,0.833855799,100
1990,Niger,5.882352941,8.39395829,7.740940899,9.291207649,11.07184923,11.7612416,10.67778702,8.859038315,6.849754036,5.333264048,4.049747107,2.800006929,2.359176886,1.739936257,1.418623987,1.771114806,100
1990,Nigeria,25.08163225,11.93418612,6.440133064,6.665265067,9.400575094,12.01346412,9.566796096,6.498606065,4.428180044,2.629314026,2.151018022,0.941043009,0.913230009,0.383031004,0.406026004,0.547500005,100
1990,Saint Helena,0,0,0,0,0,0,0,0,0,0,0,0,0,0,0,0,100
1990,Senegal,5.584482822,6.607373988,8.407603269,10.49406457,12.22181132,11.97995636,10.44118191,8.115084501,6.527495285,5.186938353,4.437705706,3.490625347,2.345697275,1.415258311,1.191523982,1.553196997,100
1990,Sierra Leone,12.4112454,11.67826063,11.18600445,11.99908208,12.07827503,10.64740238,8.629331989,6.505970969,4.611639564,3.156019114,2.144959099,1.45652037,0.97326338,0.624094456,0.804528397,1.093402687,100
1990,Togo,13.50832115,14.6315591,14.55259064,10.59120268,9.30177738,9.029512989,7.147234925,5.926170383,4.116967611,3.382678799,2.517561643,1.38489463,1.371929659,0.955871953,0.535099712,1.04662675,100
1990,ASIA,4.0893248,4.447792114,5.341228027,6.529901173,8.360956523,10.29859818,10.65085037,9.636215324,8.140248847,6.622065891,5.423641856,4.690572844,4.131342384,3.378517998,2.695016181,5.563727489,100
1990,Central Asia,2.607845979,3.251309103,4.164518195,5.036645546,5.342752775,6.080384178,7.40014264,8.945187095,9.597201374,8.535455548,7.63367816,7.224610195,7.150726403,6.207294181,4.906568449,5.91568018,100
1990,Kazakhstan,2.650309461,3.301033378,4.298905836,5.224994474,5.534731432,6.274231874,7.653542219,9.364638594,10.15594607,8.862759726,8.086179266,7.645971485,7.135250884,5.687002653,3.249696065,4.874806587,100
1990,Kyrgyzstan,3.461657596,4.345007005,4.917001427,5.709351724,6.128076035,7.200485329,8.604311143,9.364562988,9.051442585,8.063131236,7.125535442,6.80679781,6.27316104,5.186628427,4.011504085,3.751346129,100
1990,Tajikistan,2.320820704,2.89111681,3.765679646,4.577523898,4.848915831,5.495919795,6.702494754,8.199813476,8.891816274,8.161576125,7.079738867,6.694334344,7.402191653,7.579389135,7.809046398,7.57962229,100
1990,Turkmenistan,2.320717781,2.890375204,3.76411093,4.575203915,4.846329527,5.493964111,6.701794454,8.2,8.892985318,8.162805873,7.080587276,6.695269168,7.403262643,7.580750408,7.810440457,7.581402936,100
1990,Uzbekistan,2.320750151,2.890562613,3.764367816,4.5753781,4.846581972,5.494131881,6.701935874,8.20030248,8.893163944,8.162976407,7.08076225,6.695281307,7.403327284,7.120508167,7.580096794,8.269872958,100
1990,Eastern Asia,2.445151913,3.075104594,3.72877332,5.209775859,7.202327658,9.062382793,10.15503827,9.555141065,9.179649664,7.252159132,6.789936214,6.969940735,6.427982406,4.663624918,3.518056648,4.764954809,100
1990,China,5.247089895,4.77387402,5.620933093,7.622468853,10.7330462,12.21407106,11.49614333,9.67129963,7.325679334,5.276317153,4.294546991,4.1255603,4.033627289,3.025286892,1.815012714,2.725043243,100
1990,"China, Hong Kong SAR",0.912925242,1.494316135,2.117041767,3.406126647,3.847285948,5.958107221,9.003490239,9.356255406,10.16789476,8.391808239,8.510268099,9.471379638,9.048476137,6.576370323,5.034724335,6.70352986,100
1990,"China, Macao SAR",1.206064951,2.314591289,4.458977698,6.830141382,10.26350056,12.87314616,15.1067804,12.23426824,8.551697903,4.960813862,4.022004711,3.989816969,4.042975513,3.315825152,2.54868396,3.280711252,100
1990,Dem. People's Republic of Korea,5.600680292,4.612497434,4.266486819,5.697445972,9.359880362,11.51511597,11.7233088,10.5767821,8.359968331,5.973081547,4.814825675,4.635955781,4.222502419,3.61844999,2.413277424,2.609741078,100
1990,Japan,4.583284525,5.613103439,6.03341682,7.687802266,12.18955287,13.54253244,11.01860684,9.376307378,7.94867361,6.08603734,4.777125135,3.579589932,2.552374152,1.706912998,1.312352063,1.992328188,100
1990,Mongolia,5.254540042,5.194998511,4.584697827,5.105686216,12.14647216,10.73236082,9.452217922,8.886573385,9.5564156,9.348020244,7.144983626,4.971717773,2.485858887,2.128609705,1.607621316,1.39922596,100
1990,Republic of Korea,6.453262664,8.350187135,8.626821954,7.062324197,7.559801939,9.187065579,11.47918265,9.791477788,8.798846967,6.532301183,4.935258154,3.993769905,2.873282656,1.934119069,1.148383197,1.273914964,100
1990,Southern Asia,1.928989419,2.346799498,4.627187326,7.293717753,9.240740401,10.33327617,9.898189181,9.063253309,7.785708453,6.889150907,5.76445888,4.866671678,4.165912281,3.643540351,3.056866202,9.095538188,100
1990,Afghanistan,6.401899941,6.578719273,7.809520508,9.309017786,11.25056339,12.40162258,11.41698159,9.250078009,6.987830669,5.219637347,4.061644073,3.356100267,2.524009292,1.709253545,0.683008009,1.040113719,100
1990,Bangladesh,5.093595065,4.357220879,10.86526235,18.63507623,21.59872144,16.9420508,9.433007757,4.795052727,2.933133095,1.794543436,1.150726449,0.838572759,0.78730333,0.387810126,0.155055994,0.23286756,100
1990,Bhutan,3.091527702,2.847901878,2.839500987,3.036921914,5.800814886,24.90864032,16.42374092,11.37480573,9.955055236,6.594699038,5.044734742,3.041122359,1.923803923,1.398748267,0.974503297,0.743478809,100
1990,India,0.495382216,0.785311597,2.246462261,4.193399779,5.990561581,7.787736728,8.686324301,8.985849044,8.237023842,7.413317454,6.254894435,5.2062242,4.627766707,4.495433462,4.720210473,19.87410192,100
1990,Iran (Islamic Republic of),5.558927775,6.395934757,10.05468589,13.21581387,14.64127257,13.98592274,10.54979249,6.877246976,4.351919016,3.613616457,2.96961437,2.816128526,2.120234383,1.424363542,0.569740756,0.854785895,100
1990,Maldives,6.594544827,5.984578202,5.685349292,5.420646795,8.631603176,12.17631488,12.59063183,11.08297848,9.425710669,6.824720911,4.97180343,3.464150075,2.485901715,1.864426286,1.070318794,1.726320635,100
1990,Nepal,2.311069972,4.084665584,5.411024853,9.218696944,12.67751073,13.016601,11.60558545,9.924321005,7.833496909,6.579467596,4.690748743,3.724876388,3.649290422,2.33200147,1.322405541,1.618237382,100
1990,Pakistan,0.618600806,0.980637879,2.80522354,5.236474188,7.480665906,9.724857624,10.84695348,11.22100691,10.28588945,9.25729889,7.810729158,6.501203891,5.523755341,4.702986564,3.311408581,3.692307791,100
1990,Sri Lanka,2.379634754,2.283390679,1.520656385,1.585621135,2.088496427,3.433507375,5.177931234,6.056158418,9.487259691,10.64700079,12.1941243,11.92223479,10.23315127,7.923293472,6.36654556,6.70099372,100
1990,South-Eastern Asia,5.478763937,6.174824864,8.105009497,10.486384,11.81360321,11.4574208,10.01683923,8.294920142,6.608389858,5.113647425,4.23636662,3.581638981,2.700256134,1.907762454,1.660353693,2.363819154,100
1990,Brunei Darussalam,4.81010929,4.183060109,3.288251366,3.280054645,11.65710383,16.55737705,17.33606557,14.21994536,9.643442623,5.006830601,3.341530055,2.226775956,1.545081967,1.106557377,0.756830601,1.040983607,100
1990,Cambodia,3.830618893,12.21628664,17.20651466,14.36091205,11.79413681,10.53029316,7.929641694,5.988273616,4.625407166,3.366775244,2.475570033,2.178501629,1.954397394,0.771335505,0.307491857,0.463843648,100
1990,Indonesia,7.893052585,7.581849265,8.084413632,8.790366228,9.375402696,9.844677543,10.24780289,9.56998531,8.404422566,6.51765848,5.125297458,3.516661942,2.461706313,1.230853157,0.615319193,0.740530742,100
1990,Lao People's Democratic Republic,8.506078894,10.18105484,11.47992653,11.58051255,11.58925916,10.90702353,8.746610688,6.319426222,4.710049856,4.019067611,3.520510802,2.890754833,2.339718359,1.58750984,0.634129275,0.988367008,100
1990,Malaysia,6.733963674,6.04293597,8.878894126,14.76175422,17.62228417,15.20045408,11.0150592,7.208443499,4.252931371,2.446976664,1.487096218,1.009886194,0.742326704,0.707839982,0.891769169,0.997384757,100
1990,Myanmar,4.506346175,5.321052829,6.397094612,9.223857127,11.61930435,12.7327867,11.66722828,9.929237336,7.613164102,6.196413194,4.44943652,3.474484256,2.343030439,1.72076828,0.998165412,1.807630387,100
1990,Philippines,9.026357978,8.276703598,7.445917791,6.987687495,7.005211883,7.2200479,7.246659008,6.932518125,6.467797314,6.002427452,5.355972247,4.503118692,4.031907367,4.235060459,4.57581245,4.686800241,100
1990,Singapore,2.306734024,2.64677654,3.65219137,5.304140736,7.41149682,9.675605215,10.27497656,10.18546274,9.498640105,8.285872217,7.827577957,7.527273527,5.390767014,3.080457937,2.310309077,4.62171817,100
1990,Thailand,5.111662156,9.00238891,13.57630988,15.50162382,13.88348247,10.68805526,7.73757171,5.477469912,3.826795513,2.742612442,2.093653595,1.734465938,1.749219301,2.080602542,2.359214138,2.434872412,100
1990,Timor-Leste,10.44226044,7.002457002,5.606432879,6.276524458,10.74380165,13.8485593,13.42416797,10.9895019,7.694884968,4.846995756,3.004243913,2.200134018,1.999106545,0.893455439,0.41322314,0.614250614,100
1990,Viet Nam,8.507006188,10.18208976,11.48019063,11.58332741,11.59044029,10.91116011,8.748844157,6.32335159,4.712283946,4.022334448,3.524432748,2.891386301,2.343694431,1.589728999,0.636602888,0.953126111,100
1990,Western Asia,7.662071558,7.685845938,6.664086889,5.799968748,8.201042995,12.19638835,13.2795333,10.94480372,7.977254725,5.567584873,3.893099077,2.97671676,2.443197318,1.74981408,1.249513003,1.709078669,100
1990,Armenia,5.407345903,6.83876021,7.658597821,7.636435945,6.42223838,6.139143185,6.655393457,8.238601434,8.743315386,7.165875569,5.215782291,5.483394531,5.751006772,4.782107777,4.103286485,3.758714854,100
1990,Azerbaijan,2.825568497,3.519689407,4.583749307,5.57099279,5.901275652,6.689961176,8.160843039,9.98557959,10.82889628,9.939822518,8.622296173,8.152800887,7.664170826,3.356627842,2.237659456,1.960066556,100
1990,Bahrain,6.556705078,5.450546152,3.56441817,2.329515276,8.724568737,17.44913747,21.37092118,16.18883218,9.253400457,4.556843637,2.447290026,1.140798559,0.527677066,0.198600559,0.114310787,0.126434658,100
1990,Cyprus,4.268919073,8.455655747,10.45542746,10.86177377,10.1335464,9.428147472,8.964730054,8.031046684,6.611117452,4.547426093,3.919643876,3.581782901,4.125099874,2.682342198,1.830841228,2.102499715,100
1990,Georgia,3.417085427,4.086773738,4.879298453,4.930535028,4.725917168,5.726015699,7.164909515,8.347948895,8.432357868,8.300653595,9.471212271,9.422931652,9.374322593,4.687161297,2.343416429,4.689460374,100
1990,Iraq,2.551471819,6.983667711,11.70281451,13.41973744,12.59475358,11.45292809,9.967957149,8.448312968,6.242377867,4.618713982,3.657428442,2.935268658,2.171261867,1.537578613,0.682704034,1.033023267,100
1990,Israel,0.941689369,2.587854259,3.140005782,3.481831367,4.264398201,5.34101711,6.55544422,7.619936008,9.042177884,9.419159872,8.391906923,8.670156991,8.164492768,7.809070107,5.720326526,8.850532613,100
1990,Jordan,15.37263085,13.70961199,10.46173547,8.909764827,9.329619514,7.979507113,6.740006752,5.672705258,4.86579567,3.957695257,3.350375845,3.107430634,2.492609144,1.730275858,1.087888592,1.232347217,100
1990,Kuwait,12.6365541,13.26146626,11.26675484,10.20075559,6.779933935,7.145443326,9.355811804,8.391172301,6.60550954,5.76875644,3.732812356,2.15238214,1.290870828,0.705609038,0.310408408,0.395759086,100
1990,Lebanon,12.75632861,11.70380356,10.25562687,10.2357679,10.8019393,9.771373686,8.001252642,6.156278583,4.807969555,3.84595555,3.260116137,3.013788613,2.259529915,1.147618929,0.824719826,1.157930314,100
1990,Oman,4.730592105,4.279276316,2.613815789,1.192105263,7.234210526,19.45065789,21.04210526,17.90230263,11.41973684,5.766447368,2.704276316,0.972368421,0.409868421,0.135526316,0.077302632,0.069407895,100
1990,Qatar,9.033003716,7.742620733,6.129722715,4.193663984,8.065458607,12.5822833,16.03406585,13.80777587,9.839775563,5.882428903,3.548633912,1.612898019,0.806449009,0.355444499,0.242128406,0.123646906,100
1990,Saudi Arabia,8.589671388,7.809128639,5.505772295,3.469639058,7.78540126,16.58781881,18.55096935,13.86943339,8.476356147,4.493957621,2.483112248,1.082916787,0.651402586,0.210845573,0.209965299,0.223609543,100
1990,State of Palestine,4.723027621,9.489754866,10.89091741,11.0778547,10.14559605,8.574143695,6.282688012,4.904068921,4.603720711,4.724414911,4.872508081,4.940832096,4.518055575,4.094932231,2.800244163,3.357240958,100
1990,Syrian Arab Republic,6.174279553,5.013722799,3.63402134,2.835718487,8.808496933,18.19741227,19.5936371,15.83274988,9.802419694,5.342649901,2.724535805,1.13941244,0.527767665,0.156691965,0.115663595,0.100820567,100
1990,Turkey,5.45112685,6.330745579,9.807198849,12.60211088,13.77742793,13.43412226,10.69309075,7.349405252,4.868667321,3.756769438,3.218222098,2.809778583,2.131846563,1.302842863,0.880134332,1.58651045,100
1990,United Arab Emirates,6.903933493,7.149690718,6.063950454,4.127052888,10.16972632,13.24425559,16.51609476,14.35395163,10.1059718,6.292946285,2.886480215,1.263074269,0.460900033,0.234582963,0.11809511,0.109293465,100
1990,Yemen,13.66699478,15.75679564,10.20166074,9.669956168,9.651447465,8.977562404,7.541455289,6.159191674,5.126910813,4.319258306,3.414014454,2.23618788,1.167730917,1.054996088,0.421493652,0.63434374,100
1990,EUROPE,1.657433853,3.057867159,4.65470448,5.94616437,7.558526087,9.114877703,9.892009478,10.06465059,9.250063642,8.037204763,6.682040619,6.052432239,5.260675886,4.022593673,3.328622933,5.418568513,100
1990,Eastern Europe,1.65132461,3.339275206,5.345957357,6.164981883,7.012798909,7.99231218,8.754856489,9.659808417,9.078052632,8.392401981,6.581325148,6.49016936,5.691408242,3.967850058,3.576862197,6.300615331,100
1990,Belarus,2.320138802,2.763381551,4.266691861,6.525980863,8.426496245,10.61028346,10.24614545,9.289362414,7.820800543,7.412466362,6.847524014,6.15239512,5.229479806,3.95211441,2.641601887,5.49513722,100
1990,Bulgaria,4.951185495,5.211529521,6.294746629,7.29893073,9.739655974,10.53928405,12.51975825,12.9893073,10.27429103,6.782891678,4.114365411,2.859135286,2.087401209,1.343561134,1.269177127,1.724779172,100
1990,Czechia,0.501838868,1.276337482,1.933981919,2.173125351,3.357972354,4.880700038,6.455060963,7.348225447,8.012210809,10.0277189,9.381850463,11.52236535,8.681631248,7.714187365,7.311991594,9.420801855,100
1990,Hungary,3.267244108,3.534862306,4.637276625,6.147448994,8.03401341,7.764380881,7.286121263,6.239820437,5.440418981,4.812235619,4.895974217,6.461972317,6.328163218,5.552070444,5.765877241,13.83211994,100
1990,Poland,1.459693502,2.020800322,2.257905195,2.162318414,2.69336594,3.009830897,3.30200014,3.266975299,3.381271552,4.431041408,9.211267181,11.58692678,12.59156336,9.269080336,9.434096106,19.92186357,100
1990,Republic of Moldova,2.890315752,2.311995325,3.265204112,4.421477428,4.793793025,4.861236176,5.577199437,7.31473348,9.376619463,10.36033387,9.479162455,7.773236646,6.550071486,4.652658583,5.45683087,10.91513189,100
1990,Romania,0.627277747,0.248849623,0.264310694,0.404196576,0.583103258,0.505797902,0.728142831,0.764218664,0.897478373,6.996502853,12.76200994,14.84630959,13.77581447,11.6237806,11.94919934,23.02300755,100
1990,Russian Federation,1.728918864,3.965683836,6.483135542,7.191399041,8.210830973,9.26247997,9.803176552,10.83752395,9.671080512,8.517956003,5.232518186,5.605040474,4.724394418,2.602241676,2.247567625,3.916052376,100
1990,Slovakia,0.922629858,2.397384671,2.782419179,3.920571498,5.136215038,6.434193002,6.887032328,8.131735077,10.89235985,7.717641361,6.480203414,7.778181378,8.800096864,8.005811842,5.402591113,8.310933527,100
1990,Ukraine,1.28513025,2.77696535,4.512572321,5.364170772,5.771907987,6.666840758,8.143355791,9.37237049,9.569877497,9.043685405,8.055860216,6.855904319,5.9485385,5.025852614,4.523278959,7.083688771,100
1990,Northern Europe,1.662151151,2.868993869,3.486108488,4.629962208,6.972156786,9.301771622,10.18671739,9.854919153,9.007757759,7.807099579,7.498429413,6.656504562,6.264651601,5.323954704,3.821909367,4.65691235,100
1990,Channel Islands,0.867661369,1.563412261,2.038598767,2.890042167,6.970483295,10.67953292,10.51086604,9.714563737,9.142069413,9.568602011,9.375608174,6.428803114,4.88323062,4.226402854,3.846902368,7.293220889,100
1990,Denmark,2.763309509,5.13246793,5.608680678,6.869368891,10.33806853,12.44403437,11.37808316,9.098639817,8.287377386,7.047523481,4.986202586,3.615815366,3.12089426,2.706334055,2.054943046,4.548256934,100
1990,Estonia,1.189014573,2.130906787,2.641120218,3.740343511,5.192710938,8.472317845,10.20688644,9.76683063,7.503723851,8.600852886,10.00950269,8.924153855,8.772058419,5.089306984,3.225418001,4.534852368,100
1990,Faeroe Islands,5.297549592,7.141190198,9.194865811,10.68844807,12.83547258,13.72228705,9.964994166,7.654609102,7.957992999,6.067677946,2.823803967,2.053675613,1.143523921,1.166861144,1.073512252,1.213535589,100
1990,Finland,4.118251522,9.450636313,12.21405422,11.19753379,10.12251996,9.087028693,8.312386373,6.538613548,4.99090981,4.399652201,3.062208521,2.436171054,2.255948146,3.23768872,2.880404711,5.695992412,100
1990,Iceland,6.156093489,8.79590985,9.18196995,10.01669449,10.38188648,11.47746244,9.651502504,8.608096828,6.156093489,5.008347245,3.964941569,2.984140234,2.54590985,1.565108514,1.314691152,2.19115192,100
1990,Ireland,2.810129803,6.003658521,8.472501875,12.19945517,12.21393133,11.46380302,9.54242173,8.142182215,5.903202741,5.074552226,3.823022359,3.359785226,2.877685218,2.592548725,2.106500673,3.414619167,100
1990,Isle of Man,1.282751877,2.959532917,4.294055049,4.995829618,5.611320429,6.896948431,7.74540539,7.650493255,6.960223187,7.788547269,7.083896575,6.707124162,6.592079151,5.688975812,5.988092841,11.75472404,100
1990,Latvia,0.183124951,0.57073685,1.339923561,2.132484633,2.532480298,3.405226259,5.447928583,8.866467391,11.14972438,11.21427477,10.27976477,9.556552793,9.078694194,8.193564466,7.783816584,8.265235516,100
1990,Lithuania,2.503307011,1.959296566,2.246476817,2.864930796,4.551935818,7.917928866,10.28666487,10.01351436,8.665513746,7.35588018,6.662696345,7.086451849,9.281677156,7.819434344,6.495484713,4.288806556,100
1990,Norway,2.735387124,4.892334374,4.830024872,5.5517766,9.504795235,13.54920114,12.72671572,10.47215025,9.23167192,7.318250972,4.52886228,3.47738944,3.249440513,3.084839579,1.870842788,2.976317197,100
1990,Sweden,1.399272535,2.750241833,4.006379577,5.707262094,7.074332471,9.74635095,10.55761714,10.30469074,9.973033862,8.467392779,7.533910521,6.382366402,4.778977822,3.85031321,3.230104708,4.237753354,100
1990,United Kingdom,1.708879797,2.903882052,3.285331615,4.326345936,7.418295443,9.899333915,10.81493341,10.13652081,8.934286245,7.305783711,7.427664572,6.58512785,6.21521163,5.443655648,3.384227976,4.210519395,100
1990,Southern Europe,3.000308263,4.380394309,6.30788853,9.495297036,10.71682824,11.06660732,9.483408878,8.196308497,6.897112606,5.749099057,5.388606814,4.58454346,4.176037806,3.168055692,2.742846716,4.628916699,100
1990,Albania,4.950540045,5.211094784,6.294214776,7.298562404,9.738990805,10.53883326,12.51874631,12.98835078,10.27373396,6.781997485,4.114341115,2.858527866,2.085952767,1.342159878,1.269446927,1.73450684,100
1990,Andorra,2.547295908,4.300329015,4.93522517,4.955788608,8.063438207,12.39718281,12.92669134,10.99115772,8.847419289,6.341250257,5.313078347,4.773288094,4.639625745,3.071663582,2.277400781,3.619165124,100
1990,Bosnia and Herzegovina,4.110714286,2.433928571,2.610714286,3.9125,4.898214286,6.178571429,7.823214286,9.639285714,10.075,9.758928571,8.6125,8.164285714,7.383928571,5.907142857,3.391071429,5.1,100
1990,Croatia,0.796528675,1.607570283,2.408726269,3.557982324,6.020974344,9.568019384,11.35289985,11.64442051,10.26274719,7.737496792,9.537941856,8.121774027,6.567838498,4.538972484,2.265489927,4.010617578,100
1990,Gibraltar,6.763118613,5.993799518,5.79859915,5.970834769,9.335170513,12.68802388,12.9521185,11.31013894,9.323688139,6.625330118,4.799632564,3.410265243,2.388333907,1.194166954,0.597083477,0.849695717,100
1990,Greece,5.718454911,6.964776531,8.449879396,8.379506875,8.962385483,10.2436507,9.327351939,8.15140284,7.326345692,5.89058448,5.244613267,4.17737758,3.62264798,1.470543033,1.466175084,4.60430421,100
1990,Holy See,0,0,0,0,0,0,0,0,0,0,0,0,0,0,0,0,100
1990,Italy,2.904036426,4.077735977,6.130852481,9.574231963,12.66178366,13.1163358,9.943363028,7.140781631,5.228259812,4.363756539,4.431463242,3.843248129,3.909414453,3.603719037,3.649510334,5.421507486,100
1990,Malta,3.846919148,9.875970021,10.60555813,11.53412483,13.19227963,10.39994694,7.541288055,5.36578895,4.828546793,4.132121775,3.196922465,3.15049413,2.944882934,2.606619354,3.362737945,3.415798899,100
1990,Montenegro,..,..,..,..,..,..,..,..,..,..,..,..,..,..,..,..,100
1990,Portugal,1.766709043,4.437080926,8.925104754,20.61168199,15.38360924,10.75147666,9.105699639,7.253397341,4.76706243,3.440252236,3.103386556,2.91544855,2.630443662,1.475737869,1.470689473,1.962219642,100
1990,San Marino,4.712990937,4.833836858,4.743202417,4.682779456,8.972809668,14.16918429,14.86404834,12.23564955,9.425981873,6.435045317,4.954682779,3.534743202,2.567975831,1.540785498,0.966767372,1.359516616,100
1990,Serbia,2.778309442,3.598303599,4.152353706,5.045885422,5.388389125,6.344377399,7.522993079,8.791264141,9.589096294,10.3103688,8.452789894,5.763128469,5.514309603,3.861225559,5.266498101,7.620707371,100
1990,Slovenia,0.485744931,0.946781448,1.621770358,2.388292705,3.859004813,5.726174632,7.283366184,11.17999517,14.46116006,15.10919434,10.23545994,7.272135088,6.696541384,5.119133858,3.397968295,4.217276796,100
1990,Spain,3.308037317,5.549868854,7.939459959,11.35058818,12.26513957,11.83841384,8.622513252,7.203704943,5.843562296,4.702624741,3.850146968,3.546594775,3.289536943,2.970892339,2.544288314,5.17462771,100
1990,TFYR Macedonia,3.393874419,2.476298585,1.694309558,3.145824137,5.103949885,5.471821067,6.921233525,8.559836875,9.292426058,9.90309222,10.91841668,10.45174581,8.263437809,5.931134515,4.507998571,3.964600282,100
1990,Western Europe,1.305103373,2.400986535,3.75543511,5.24030172,7.693396395,10.03653969,11.4197499,11.19738573,10.21042015,8.261681564,6.829969195,5.60499101,4.55681621,3.79275015,2.947365118,4.747108146,100
1990,Austria,1.509255092,2.952325844,4.29088837,5.245455657,6.285243161,8.500842747,10.2183579,10.12153966,9.084525597,8.178241362,7.46471114,6.465894894,5.993905998,4.903440199,2.288717524,6.496654854,100
1990,Belgium,7.301487627,7.827839492,7.751667168,8.006717316,9.05477774,10.03783189,9.463941415,8.124126616,6.816041073,5.409893337,5.006920737,4.502679851,3.909884492,2.522199423,1.949193391,2.314798436,100
1990,France,0.804135204,1.774313423,2.894832471,3.986388949,5.558066135,7.746808818,10.14956589,10.87507145,10.54861515,8.567968857,7.373466387,6.62227096,5.942871503,5.080862033,4.265806517,7.80895625,100
1990,Germany,0.673530676,1.869063629,3.915497186,5.989170478,9.394524864,11.86500209,13.10034179,12.6120312,10.82714627,8.469755218,6.061843465,4.647415569,3.249816675,2.664305553,2.114322323,2.546233007,100
1990,Liechtenstein,7.344580965,7.307903906,7.041995232,6.95947185,8.664955071,9.783605355,9.554373739,8.949202274,8.54575463,7.995598753,5.804144508,3.291766,2.484870713,2.57656336,1.384558958,2.310654685,100
1990,Luxembourg,2.580078211,3.344610923,3.695241443,4.602135419,8.02759348,11.03827057,11.42053693,10.57515708,10.51276418,7.864141658,6.647040731,5.241003559,4.586317501,3.155674678,2.422777802,4.286655828,100
1990,Monaco,2.406797976,2.529593791,2.667125104,3.119013704,4.170145881,5.717373152,7.112333612,7.814725674,7.912962326,7.662458863,8.158553956,7.603516872,6.611326686,7.274424088,6.400117884,12.83953043,100
1990,Netherlands,1.80552043,3.307808838,4.551863672,7.191547058,9.823279592,11.74501782,11.36058559,9.936114046,9.301652847,6.926462217,6.283796414,4.270031287,3.490932221,3.615439204,2.692378938,3.69756983,100
1990,Switzerland,1.515282105,2.596025805,3.135715322,3.971178253,7.610814476,11.34583367,11.71731014,10.3295884,9.788749693,9.154610919,9.092985473,6.756748992,4.748894261,3.501876775,2.159548138,2.574837569,100
1990,LATIN AMERICA AND THE CARIBBEAN,4.520143581,5.538369099,5.920252484,6.30274956,6.918700403,7.561039973,7.792582926,7.761605461,7.753306681,6.743979688,6.005820583,5.565273885,5.56643153,5.293255197,3.869923657,6.886565292,100
1990,Caribbean,7.643236746,8.123666066,8.614885169,9.451093412,9.894799608,10.01386582,9.626758664,7.916861877,6.042562858,4.5790328,3.737240371,3.295237825,3.035620484,2.47275343,2.209823436,3.342561438,100
1990,Anguilla,9.766536965,8.093385214,7.392996109,7.976653696,9.961089494,11.01167315,11.05058366,9.766536965,7.19844358,4.708171206,3.346303502,2.957198444,2.80155642,1.556420233,1.361867704,1.050583658,100
1990,Antigua and Barbuda,10.2668551,6.351317649,4.622163106,6.899991687,10.60769806,13.36769474,11.71335938,9.834566464,6.858425472,4.056862582,3.591320974,3.001080722,3.283730983,2.078310749,1.338432122,2.128190207,100
1990,Aruba,4.368595957,5.725560786,5.974799225,5.178620881,6.646358349,9.609526447,10.32262531,10.33647189,8.349487677,5.940182775,5.27554694,4.790916644,4.687067294,3.620880642,3.558571033,5.614788147,100
1990,Bahamas,3.515174083,2.010798734,2.331037051,4.427480916,7.454850121,10.37050829,12.38503072,12.98827034,11.46155278,7.127164401,6.650530627,5.324892944,4.624837088,3.883820518,2.103891268,3.340160119,100
1990,Barbados,2.772227772,4.516317016,6.722444222,8.512321012,10.03996004,10.89327339,11.23459873,8.861971362,8.470695971,6.164668665,4.637029637,3.671328671,3.442390942,2.41008991,1.927239427,5.723443223,100
